tube_x: [1.2, -1, 3, -4, -2, 4.5, -6, 3, -1.2, 3.2]
tube_y: [1.2, -1, 5, 2, -2, -3.4, 4, 4.5, -5, 4.3]
tube_radius: 0.0762
tube_var: [0.000000001, 0., 0., 0.000000001]
slip_min: 0.9
slip_max: 1
trans_var: 0.00000001
rot_var: 0.0000000001
max_range: 100
