tube_x: [1.2, -1, 3, -4, -2, 4.5, -6, 3, -1.2, 3.2]
tube_y: [1.2, -1, 5, 2, -2, -3.4, 4, 4.5, -5, 4.3]
tube_radius: 0.0762
tube_var: [0.00001, 0., 0., 0.00001]
slip_min: 0.9
slip_max: 1
trans_var: 0.00001
rot_var: 0.00001
max_range: 3.5
min_range: 0.12
angle_inc: 0.01745329238474369
samples: 360
resolution: 0.015
laser_noise: 0.01
border_width: 10
border_height: 10
