tube_x: [1, 2, 3, 4, 5, 6, 7, 8, 9, 10]
tube_y: [1, 2, 3, 4, 5, 6, 7, 8, 9, 10]
tube_radius: 0.0762
tube_var: [0.00000001, 0., 0., 0.00000001]
slip_min: 1
slip_max: 1
trans_var: 0.00000001
rot_var: 0.0000000001
max_range: 5
