Q: [0.00001, 0., 0., 0., 0.00001, 0., 0., 0., 0.00001]
R: [0.001, 0.0, 0.0, 0.001]