Q: [0.00000001, 0.00, 0.00, 0.00, 0.00000001, 0.0000000, 0.0000000, 0.0000000, 0.00000001]
R: [0.00, 0.0, 0.0, 0.00]